229.286 12.7907 -584.772 -0.382659 0.0104718 0.92383
201.927 16.5559 -520.455 -0.388265 0.0662739 0.919162
173.158 21.5569 -451.915 -0.383402 0.0680153 0.921074
147.98 26.2358 -390.545 -0.375257 0.0714975 0.924159
119.45 31.8527 -318.171 -0.359025 0.0732382 0.93045
87.9495 40.1857 -239.683 -0.372739 0.135716 0.917958
69.6973 48.031 -193.81 -0.353378 0.190809 0.915814
40.8125 65.9198 -118.636 -0.349457 0.221549 0.910382
22.0826 76.0646 -68.5002 -0.337988 0.152986 0.928633
9.15739 79.6572 -31.954 -0.321975 -0.0418755 0.945822
-28.9306 79.6572 -32.4839 0.434427 -0.0610484 0.898636
-45.6219 79.6572 -17.7035 0.962303 -0.0749786 0.261442
10.442 59.2532 26.9662 0.701836 -0.356738 0.616575
51.0031 34.5197 56.184 0.74238 -0.50302 0.442541
84.2848 18.7042 68.0745 0.894414 -0.151261 -0.420885
113.501 14.9169 44.1987 0.610178 -0.0662741 -0.789487
142.031 11.7475 -10.2742 0.0697381 -0.0191977 -0.997381
133.097 11.5992 -64.3663 -0.619542 0.0279214 -0.784467
96.5644 12.7675 -94.6878 -0.984431 0.0122168 -0.175348
38.349 11.6088 -121.638 -0.260242 -0.12187 -0.957821
36.2138 8.80637 -136.194 -0.0767154 -0.209619 -0.974769
36.2138 8.80637 -136.194 0.0383723 -0.0348998 -0.998654
36.2138 8.80637 -136.194 -0.126828 -0.0610488 -0.990044
36.2138 8.80637 -136.194 -0.438923 -0.0680156 -0.895947
36.2138 8.80637 -136.194 -0.837689 -0.00872686 -0.546077
36.2138 8.80637 -136.194 -0.976546 0.159881 0.14421
19.1574 11.7248 -133.584 -0.97465 0.166768 0.149151
-11.9331 14.473 -125.053 -0.959631 0.0488494 0.276989
-51.5992 16.3089 -113.669 -0.897253 0.00349024 0.441502
-100.301 14.1162 -80.0012 -0.619495 -0.118404 0.77602
-129.181 11.316 -45.7303 -0.671637 0.0157069 0.740714
-146.851 11.46 -34.7797 0.662118 0.114937 0.740533
-188.251 3.30217 -11.1134 -0.815948 -0.257133 0.517794
-188.251 3.30217 -11.1134 -0.986054 -0.0575645 0.156156
-188.251 3.30217 -11.1134 -0.852731 -0.120137 -0.508348
-188.251 3.30217 -11.1134 -0.625094 0.020942 -0.780268
